(kicad_pcb (version 20171130) (host pcbnew 5.0.2-bee76a0~70~ubuntu18.04.1)

  (general
    (thickness 1.6)
    (drawings 8)
    (tracks 289)
    (zones 0)
    (modules 24)
    (nets 31)
  )

  (page A4)
  (title_block
    (title Capacitive-touch-buttons)
    (date 2019-02-25)
    (rev 1.1.0)
    (company "Hackerspace NTNU")
  )

  (layers
    (0 F.Cu signal)
    (31 B.Cu signal)
    (32 B.Adhes user hide)
    (33 F.Adhes user hide)
    (34 B.Paste user hide)
    (35 F.Paste user hide)
    (36 B.SilkS user)
    (37 F.SilkS user)
    (38 B.Mask user hide)
    (39 F.Mask user hide)
    (40 Dwgs.User user hide)
    (41 Cmts.User user hide)
    (42 Eco1.User user hide)
    (43 Eco2.User user hide)
    (44 Edge.Cuts user)
    (45 Margin user hide)
    (46 B.CrtYd user hide)
    (47 F.CrtYd user hide)
    (48 B.Fab user hide)
    (49 F.Fab user hide)
  )

  (setup
    (last_trace_width 0.254)
    (trace_clearance 0.0762)
    (zone_clearance 0.508)
    (zone_45_only no)
    (trace_min 0.127)
    (segment_width 0.2)
    (edge_width 0.15)
    (via_size 1)
    (via_drill 0.5)
    (via_min_size 0.6)
    (via_min_drill 0.3)
    (uvia_size 0.3)
    (uvia_drill 0.1)
    (uvias_allowed no)
    (uvia_min_size 0.2)
    (uvia_min_drill 0.1)
    (pcb_text_width 0.3)
    (pcb_text_size 1.5 1.5)
    (mod_edge_width 0.15)
    (mod_text_size 1 1)
    (mod_text_width 0.15)
    (pad_size 1.524 1.524)
    (pad_drill 0.762)
    (pad_to_mask_clearance 0.051)
    (solder_mask_min_width 0.25)
    (aux_axis_origin 0 0)
    (visible_elements FFFFFF7F)
    (pcbplotparams
      (layerselection 0x010fc_ffffffff)
      (usegerberextensions false)
      (usegerberattributes false)
      (usegerberadvancedattributes false)
      (creategerberjobfile false)
      (excludeedgelayer true)
      (linewidth 0.100000)
      (plotframeref false)
      (viasonmask false)
      (mode 1)
      (useauxorigin false)
      (hpglpennumber 1)
      (hpglpenspeed 20)
      (hpglpendiameter 15.000000)
      (psnegative false)
      (psa4output false)
      (plotreference true)
      (plotvalue true)
      (plotinvisibletext false)
      (padsonsilk false)
      (subtractmaskfromsilk false)
      (outputformat 1)
      (mirror false)
      (drillshape 1)
      (scaleselection 1)
      (outputdirectory ""))
  )

  (net 0 "")
  (net 1 "Net-(C5-Pad1)")
  (net 2 "Net-(C7-Pad1)")
  (net 3 "Net-(C10-Pad1)")
  (net 4 "Net-(C3-Pad1)")
  (net 5 "Net-(R5-Pad1)")
  (net 6 "Net-(R4-Pad1)")
  (net 7 "Net-(R3-Pad1)")
  (net 8 "Net-(R2-Pad1)")
  (net 9 VCC)
  (net 10 /RPin)
  (net 11 "Net-(J1-Pad2)")
  (net 12 GND)
  (net 13 /MOSI)
  (net 14 /MISO)
  (net 15 /SCK)
  (net 16 "Net-(U1-Pad20)")
  (net 17 /clk1)
  (net 18 "Net-(U1-Pad23)")
  (net 19 /clk2)
  (net 20 "Net-(U1-Pad24)")
  (net 21 /SDA)
  (net 22 "Net-(U1-Pad14)")
  (net 23 /SCL)
  (net 24 "Net-(C12-Pad1)")
  (net 25 "Net-(R6-Pad1)")
  (net 26 "Net-(U1-Pad18)")
  (net 27 "Net-(U1-Pad19)")
  (net 28 "Net-(U1-Pad22)")
  (net 29 "Net-(U1-Pad32)")
  (net 30 "Net-(U1-Pad13)")

  (net_class Default "This is the default net class."
    (clearance 0.0762)
    (trace_width 0.254)
    (via_dia 1)
    (via_drill 0.5)
    (uvia_dia 0.3)
    (uvia_drill 0.1)
    (diff_pair_gap 0.5)
    (diff_pair_width 0.5)
    (add_net /MISO)
    (add_net /MOSI)
    (add_net /RPin)
    (add_net /SCK)
    (add_net /SCL)
    (add_net /SDA)
    (add_net /clk1)
    (add_net /clk2)
    (add_net GND)
    (add_net "Net-(C10-Pad1)")
    (add_net "Net-(C12-Pad1)")
    (add_net "Net-(C3-Pad1)")
    (add_net "Net-(C5-Pad1)")
    (add_net "Net-(C7-Pad1)")
    (add_net "Net-(J1-Pad2)")
    (add_net "Net-(R2-Pad1)")
    (add_net "Net-(R3-Pad1)")
    (add_net "Net-(R4-Pad1)")
    (add_net "Net-(R5-Pad1)")
    (add_net "Net-(R6-Pad1)")
    (add_net "Net-(U1-Pad13)")
    (add_net "Net-(U1-Pad14)")
    (add_net "Net-(U1-Pad18)")
    (add_net "Net-(U1-Pad19)")
    (add_net "Net-(U1-Pad20)")
    (add_net "Net-(U1-Pad22)")
    (add_net "Net-(U1-Pad23)")
    (add_net "Net-(U1-Pad24)")
    (add_net "Net-(U1-Pad32)")
    (add_net VCC)
  )

  (module Capacitor_SMD:C_1206_3216Metric_Pad1.42x1.75mm_HandSolder (layer B.Cu) (tedit 5B301BBE) (tstamp 5C847E92)
    (at 126.75 48 270)
    (descr "Capacitor SMD 1206 (3216 Metric), square (rectangular) end terminal, IPC_7351 nominal with elongated pad for handsoldering. (Body size source: http://www.tortai-tech.com/upload/download/2011102023233369053.pdf), generated with kicad-footprint-generator")
    (tags "capacitor handsolder")
    (path /5C0A9669)
    (attr smd)
    (fp_text reference C2 (at 0 1.82 270) (layer B.SilkS)
      (effects (font (size 1 1) (thickness 0.15)) (justify mirror))
    )
    (fp_text value 20pF (at 0 -1.82 270) (layer B.Fab)
      (effects (font (size 1 1) (thickness 0.15)) (justify mirror))
    )
    (fp_line (start -1.6 -0.8) (end -1.6 0.8) (layer B.Fab) (width 0.1))
    (fp_line (start -1.6 0.8) (end 1.6 0.8) (layer B.Fab) (width 0.1))
    (fp_line (start 1.6 0.8) (end 1.6 -0.8) (layer B.Fab) (width 0.1))
    (fp_line (start 1.6 -0.8) (end -1.6 -0.8) (layer B.Fab) (width 0.1))
    (fp_line (start -0.602064 0.91) (end 0.602064 0.91) (layer B.SilkS) (width 0.12))
    (fp_line (start -0.602064 -0.91) (end 0.602064 -0.91) (layer B.SilkS) (width 0.12))
    (fp_line (start -2.45 -1.12) (end -2.45 1.12) (layer B.CrtYd) (width 0.05))
    (fp_line (start -2.45 1.12) (end 2.45 1.12) (layer B.CrtYd) (width 0.05))
    (fp_line (start 2.45 1.12) (end 2.45 -1.12) (layer B.CrtYd) (width 0.05))
    (fp_line (start 2.45 -1.12) (end -2.45 -1.12) (layer B.CrtYd) (width 0.05))
    (fp_text user %R (at 0 0 270) (layer B.Fab)
      (effects (font (size 0.8 0.8) (thickness 0.12)) (justify mirror))
    )
    (pad 1 smd roundrect (at -1.4875 0 270) (size 1.425 1.75) (layers B.Cu B.Paste B.Mask) (roundrect_rratio 0.175439)
      (net 12 GND))
    (pad 2 smd roundrect (at 1.4875 0 270) (size 1.425 1.75) (layers B.Cu B.Paste B.Mask) (roundrect_rratio 0.175439)
      (net 19 /clk2))
    (model ${KISYS3DMOD}/Capacitor_SMD.3dshapes/C_1206_3216Metric.wrl
      (at (xyz 0 0 0))
      (scale (xyz 1 1 1))
      (rotate (xyz 0 0 0))
    )
  )

  (module Capacitor_SMD:C_1206_3216Metric_Pad1.42x1.75mm_HandSolder (layer B.Cu) (tedit 5B301BBE) (tstamp 5C847E81)
    (at 107 71 90)
    (descr "Capacitor SMD 1206 (3216 Metric), square (rectangular) end terminal, IPC_7351 nominal with elongated pad for handsoldering. (Body size source: http://www.tortai-tech.com/upload/download/2011102023233369053.pdf), generated with kicad-footprint-generator")
    (tags "capacitor handsolder")
    (path /5C6F5DEA)
    (attr smd)
    (fp_text reference C3 (at 0 1.82 90) (layer B.SilkS)
      (effects (font (size 1 1) (thickness 0.15)) (justify mirror))
    )
    (fp_text value 100pF (at 0 -1.82 90) (layer B.Fab)
      (effects (font (size 1 1) (thickness 0.15)) (justify mirror))
    )
    (fp_text user %R (at 0 0 90) (layer B.Fab)
      (effects (font (size 0.8 0.8) (thickness 0.12)) (justify mirror))
    )
    (fp_line (start 2.45 -1.12) (end -2.45 -1.12) (layer B.CrtYd) (width 0.05))
    (fp_line (start 2.45 1.12) (end 2.45 -1.12) (layer B.CrtYd) (width 0.05))
    (fp_line (start -2.45 1.12) (end 2.45 1.12) (layer B.CrtYd) (width 0.05))
    (fp_line (start -2.45 -1.12) (end -2.45 1.12) (layer B.CrtYd) (width 0.05))
    (fp_line (start -0.602064 -0.91) (end 0.602064 -0.91) (layer B.SilkS) (width 0.12))
    (fp_line (start -0.602064 0.91) (end 0.602064 0.91) (layer B.SilkS) (width 0.12))
    (fp_line (start 1.6 -0.8) (end -1.6 -0.8) (layer B.Fab) (width 0.1))
    (fp_line (start 1.6 0.8) (end 1.6 -0.8) (layer B.Fab) (width 0.1))
    (fp_line (start -1.6 0.8) (end 1.6 0.8) (layer B.Fab) (width 0.1))
    (fp_line (start -1.6 -0.8) (end -1.6 0.8) (layer B.Fab) (width 0.1))
    (pad 2 smd roundrect (at 1.4875 0 90) (size 1.425 1.75) (layers B.Cu B.Paste B.Mask) (roundrect_rratio 0.175439)
      (net 12 GND))
    (pad 1 smd roundrect (at -1.4875 0 90) (size 1.425 1.75) (layers B.Cu B.Paste B.Mask) (roundrect_rratio 0.175439)
      (net 4 "Net-(C3-Pad1)"))
    (model ${KISYS3DMOD}/Capacitor_SMD.3dshapes/C_1206_3216Metric.wrl
      (at (xyz 0 0 0))
      (scale (xyz 1 1 1))
      (rotate (xyz 0 0 0))
    )
  )

  (module Capacitor_SMD:C_1206_3216Metric_Pad1.42x1.75mm_HandSolder (layer B.Cu) (tedit 5B301BBE) (tstamp 5C847E70)
    (at 131 93 90)
    (descr "Capacitor SMD 1206 (3216 Metric), square (rectangular) end terminal, IPC_7351 nominal with elongated pad for handsoldering. (Body size source: http://www.tortai-tech.com/upload/download/2011102023233369053.pdf), generated with kicad-footprint-generator")
    (tags "capacitor handsolder")
    (path /5C6F49D6)
    (attr smd)
    (fp_text reference C5 (at 0 1.82 90) (layer B.SilkS)
      (effects (font (size 1 1) (thickness 0.15)) (justify mirror))
    )
    (fp_text value 100pF (at 0 -1.82 90) (layer B.Fab)
      (effects (font (size 1 1) (thickness 0.15)) (justify mirror))
    )
    (fp_line (start -1.6 -0.8) (end -1.6 0.8) (layer B.Fab) (width 0.1))
    (fp_line (start -1.6 0.8) (end 1.6 0.8) (layer B.Fab) (width 0.1))
    (fp_line (start 1.6 0.8) (end 1.6 -0.8) (layer B.Fab) (width 0.1))
    (fp_line (start 1.6 -0.8) (end -1.6 -0.8) (layer B.Fab) (width 0.1))
    (fp_line (start -0.602064 0.91) (end 0.602064 0.91) (layer B.SilkS) (width 0.12))
    (fp_line (start -0.602064 -0.91) (end 0.602064 -0.91) (layer B.SilkS) (width 0.12))
    (fp_line (start -2.45 -1.12) (end -2.45 1.12) (layer B.CrtYd) (width 0.05))
    (fp_line (start -2.45 1.12) (end 2.45 1.12) (layer B.CrtYd) (width 0.05))
    (fp_line (start 2.45 1.12) (end 2.45 -1.12) (layer B.CrtYd) (width 0.05))
    (fp_line (start 2.45 -1.12) (end -2.45 -1.12) (layer B.CrtYd) (width 0.05))
    (fp_text user %R (at 0 0 90) (layer B.Fab)
      (effects (font (size 0.8 0.8) (thickness 0.12)) (justify mirror))
    )
    (pad 1 smd roundrect (at -1.4875 0 90) (size 1.425 1.75) (layers B.Cu B.Paste B.Mask) (roundrect_rratio 0.175439)
      (net 1 "Net-(C5-Pad1)"))
    (pad 2 smd roundrect (at 1.4875 0 90) (size 1.425 1.75) (layers B.Cu B.Paste B.Mask) (roundrect_rratio 0.175439)
      (net 12 GND))
    (model ${KISYS3DMOD}/Capacitor_SMD.3dshapes/C_1206_3216Metric.wrl
      (at (xyz 0 0 0))
      (scale (xyz 1 1 1))
      (rotate (xyz 0 0 0))
    )
  )

  (module Capacitor_SMD:C_1206_3216Metric_Pad1.42x1.75mm_HandSolder (layer B.Cu) (tedit 5B301BBE) (tstamp 5C847E5F)
    (at 117.75 41 180)
    (descr "Capacitor SMD 1206 (3216 Metric), square (rectangular) end terminal, IPC_7351 nominal with elongated pad for handsoldering. (Body size source: http://www.tortai-tech.com/upload/download/2011102023233369053.pdf), generated with kicad-footprint-generator")
    (tags "capacitor handsolder")
    (path /5C6F4F7D)
    (attr smd)
    (fp_text reference C7 (at 0 1.82 180) (layer B.SilkS)
      (effects (font (size 1 1) (thickness 0.15)) (justify mirror))
    )
    (fp_text value 100pF (at 0 -1.82 180) (layer B.Fab)
      (effects (font (size 1 1) (thickness 0.15)) (justify mirror))
    )
    (fp_text user %R (at 0 0 180) (layer B.Fab)
      (effects (font (size 0.8 0.8) (thickness 0.12)) (justify mirror))
    )
    (fp_line (start 2.45 -1.12) (end -2.45 -1.12) (layer B.CrtYd) (width 0.05))
    (fp_line (start 2.45 1.12) (end 2.45 -1.12) (layer B.CrtYd) (width 0.05))
    (fp_line (start -2.45 1.12) (end 2.45 1.12) (layer B.CrtYd) (width 0.05))
    (fp_line (start -2.45 -1.12) (end -2.45 1.12) (layer B.CrtYd) (width 0.05))
    (fp_line (start -0.602064 -0.91) (end 0.602064 -0.91) (layer B.SilkS) (width 0.12))
    (fp_line (start -0.602064 0.91) (end 0.602064 0.91) (layer B.SilkS) (width 0.12))
    (fp_line (start 1.6 -0.8) (end -1.6 -0.8) (layer B.Fab) (width 0.1))
    (fp_line (start 1.6 0.8) (end 1.6 -0.8) (layer B.Fab) (width 0.1))
    (fp_line (start -1.6 0.8) (end 1.6 0.8) (layer B.Fab) (width 0.1))
    (fp_line (start -1.6 -0.8) (end -1.6 0.8) (layer B.Fab) (width 0.1))
    (pad 2 smd roundrect (at 1.4875 0 180) (size 1.425 1.75) (layers B.Cu B.Paste B.Mask) (roundrect_rratio 0.175439)
      (net 12 GND))
    (pad 1 smd roundrect (at -1.4875 0 180) (size 1.425 1.75) (layers B.Cu B.Paste B.Mask) (roundrect_rratio 0.175439)
      (net 2 "Net-(C7-Pad1)"))
    (model ${KISYS3DMOD}/Capacitor_SMD.3dshapes/C_1206_3216Metric.wrl
      (at (xyz 0 0 0))
      (scale (xyz 1 1 1))
      (rotate (xyz 0 0 0))
    )
  )

  (module Capacitor_SMD:C_1206_3216Metric_Pad1.42x1.75mm_HandSolder (layer B.Cu) (tedit 5B301BBE) (tstamp 5C847E4E)
    (at 144 87 180)
    (descr "Capacitor SMD 1206 (3216 Metric), square (rectangular) end terminal, IPC_7351 nominal with elongated pad for handsoldering. (Body size source: http://www.tortai-tech.com/upload/download/2011102023233369053.pdf), generated with kicad-footprint-generator")
    (tags "capacitor handsolder")
    (path /5C6F574B)
    (attr smd)
    (fp_text reference C9 (at 0 1.82 180) (layer B.SilkS)
      (effects (font (size 1 1) (thickness 0.15)) (justify mirror))
    )
    (fp_text value 100pF (at 0 -1.82 180) (layer B.Fab)
      (effects (font (size 1 1) (thickness 0.15)) (justify mirror))
    )
    (fp_line (start -1.6 -0.8) (end -1.6 0.8) (layer B.Fab) (width 0.1))
    (fp_line (start -1.6 0.8) (end 1.6 0.8) (layer B.Fab) (width 0.1))
    (fp_line (start 1.6 0.8) (end 1.6 -0.8) (layer B.Fab) (width 0.1))
    (fp_line (start 1.6 -0.8) (end -1.6 -0.8) (layer B.Fab) (width 0.1))
    (fp_line (start -0.602064 0.91) (end 0.602064 0.91) (layer B.SilkS) (width 0.12))
    (fp_line (start -0.602064 -0.91) (end 0.602064 -0.91) (layer B.SilkS) (width 0.12))
    (fp_line (start -2.45 -1.12) (end -2.45 1.12) (layer B.CrtYd) (width 0.05))
    (fp_line (start -2.45 1.12) (end 2.45 1.12) (layer B.CrtYd) (width 0.05))
    (fp_line (start 2.45 1.12) (end 2.45 -1.12) (layer B.CrtYd) (width 0.05))
    (fp_line (start 2.45 -1.12) (end -2.45 -1.12) (layer B.CrtYd) (width 0.05))
    (fp_text user %R (at 0 0 180) (layer B.Fab)
      (effects (font (size 0.8 0.8) (thickness 0.12)) (justify mirror))
    )
    (pad 1 smd roundrect (at -1.4875 0 180) (size 1.425 1.75) (layers B.Cu B.Paste B.Mask) (roundrect_rratio 0.175439)
      (net 3 "Net-(C10-Pad1)"))
    (pad 2 smd roundrect (at 1.4875 0 180) (size 1.425 1.75) (layers B.Cu B.Paste B.Mask) (roundrect_rratio 0.175439)
      (net 12 GND))
    (model ${KISYS3DMOD}/Capacitor_SMD.3dshapes/C_1206_3216Metric.wrl
      (at (xyz 0 0 0))
      (scale (xyz 1 1 1))
      (rotate (xyz 0 0 0))
    )
  )

  (module Capacitor_SMD:C_1206_3216Metric_Pad1.42x1.75mm_HandSolder (layer B.Cu) (tedit 5B301BBE) (tstamp 5C847E3D)
    (at 109 49)
    (descr "Capacitor SMD 1206 (3216 Metric), square (rectangular) end terminal, IPC_7351 nominal with elongated pad for handsoldering. (Body size source: http://www.tortai-tech.com/upload/download/2011102023233369053.pdf), generated with kicad-footprint-generator")
    (tags "capacitor handsolder")
    (path /5C71DA1C)
    (attr smd)
    (fp_text reference C11 (at 0 1.82) (layer B.SilkS)
      (effects (font (size 1 1) (thickness 0.15)) (justify mirror))
    )
    (fp_text value 1n (at 0 -1.82) (layer B.Fab)
      (effects (font (size 1 1) (thickness 0.15)) (justify mirror))
    )
    (fp_text user %R (at 0 0) (layer B.Fab)
      (effects (font (size 0.8 0.8) (thickness 0.12)) (justify mirror))
    )
    (fp_line (start 2.45 -1.12) (end -2.45 -1.12) (layer B.CrtYd) (width 0.05))
    (fp_line (start 2.45 1.12) (end 2.45 -1.12) (layer B.CrtYd) (width 0.05))
    (fp_line (start -2.45 1.12) (end 2.45 1.12) (layer B.CrtYd) (width 0.05))
    (fp_line (start -2.45 -1.12) (end -2.45 1.12) (layer B.CrtYd) (width 0.05))
    (fp_line (start -0.602064 -0.91) (end 0.602064 -0.91) (layer B.SilkS) (width 0.12))
    (fp_line (start -0.602064 0.91) (end 0.602064 0.91) (layer B.SilkS) (width 0.12))
    (fp_line (start 1.6 -0.8) (end -1.6 -0.8) (layer B.Fab) (width 0.1))
    (fp_line (start 1.6 0.8) (end 1.6 -0.8) (layer B.Fab) (width 0.1))
    (fp_line (start -1.6 0.8) (end 1.6 0.8) (layer B.Fab) (width 0.1))
    (fp_line (start -1.6 -0.8) (end -1.6 0.8) (layer B.Fab) (width 0.1))
    (pad 2 smd roundrect (at 1.4875 0) (size 1.425 1.75) (layers B.Cu B.Paste B.Mask) (roundrect_rratio 0.175439)
      (net 12 GND))
    (pad 1 smd roundrect (at -1.4875 0) (size 1.425 1.75) (layers B.Cu B.Paste B.Mask) (roundrect_rratio 0.175439)
      (net 9 VCC))
    (model ${KISYS3DMOD}/Capacitor_SMD.3dshapes/C_1206_3216Metric.wrl
      (at (xyz 0 0 0))
      (scale (xyz 1 1 1))
      (rotate (xyz 0 0 0))
    )
  )

  (module Capacitor_SMD:C_1206_3216Metric_Pad1.42x1.75mm_HandSolder (layer B.Cu) (tedit 5B301BBE) (tstamp 5C847E2C)
    (at 119.713098 74.3 180)
    (descr "Capacitor SMD 1206 (3216 Metric), square (rectangular) end terminal, IPC_7351 nominal with elongated pad for handsoldering. (Body size source: http://www.tortai-tech.com/upload/download/2011102023233369053.pdf), generated with kicad-footprint-generator")
    (tags "capacitor handsolder")
    (path /5C7913A5)
    (attr smd)
    (fp_text reference C12 (at 0 1.82 180) (layer B.SilkS)
      (effects (font (size 1 1) (thickness 0.15)) (justify mirror))
    )
    (fp_text value 100pF (at 0 -1.82 180) (layer B.Fab)
      (effects (font (size 1 1) (thickness 0.15)) (justify mirror))
    )
    (fp_line (start -1.6 -0.8) (end -1.6 0.8) (layer B.Fab) (width 0.1))
    (fp_line (start -1.6 0.8) (end 1.6 0.8) (layer B.Fab) (width 0.1))
    (fp_line (start 1.6 0.8) (end 1.6 -0.8) (layer B.Fab) (width 0.1))
    (fp_line (start 1.6 -0.8) (end -1.6 -0.8) (layer B.Fab) (width 0.1))
    (fp_line (start -0.602064 0.91) (end 0.602064 0.91) (layer B.SilkS) (width 0.12))
    (fp_line (start -0.602064 -0.91) (end 0.602064 -0.91) (layer B.SilkS) (width 0.12))
    (fp_line (start -2.45 -1.12) (end -2.45 1.12) (layer B.CrtYd) (width 0.05))
    (fp_line (start -2.45 1.12) (end 2.45 1.12) (layer B.CrtYd) (width 0.05))
    (fp_line (start 2.45 1.12) (end 2.45 -1.12) (layer B.CrtYd) (width 0.05))
    (fp_line (start 2.45 -1.12) (end -2.45 -1.12) (layer B.CrtYd) (width 0.05))
    (fp_text user %R (at 0 0 180) (layer B.Fab)
      (effects (font (size 0.8 0.8) (thickness 0.12)) (justify mirror))
    )
    (pad 1 smd roundrect (at -1.4875 0 180) (size 1.425 1.75) (layers B.Cu B.Paste B.Mask) (roundrect_rratio 0.175439)
      (net 24 "Net-(C12-Pad1)"))
    (pad 2 smd roundrect (at 1.4875 0 180) (size 1.425 1.75) (layers B.Cu B.Paste B.Mask) (roundrect_rratio 0.175439)
      (net 12 GND))
    (model ${KISYS3DMOD}/Capacitor_SMD.3dshapes/C_1206_3216Metric.wrl
      (at (xyz 0 0 0))
      (scale (xyz 1 1 1))
      (rotate (xyz 0 0 0))
    )
  )

  (module Capacitor_SMD:C_1206_3216Metric_Pad1.42x1.75mm_HandSolder (layer B.Cu) (tedit 5B301BBE) (tstamp 5C847E1B)
    (at 117.75 44)
    (descr "Capacitor SMD 1206 (3216 Metric), square (rectangular) end terminal, IPC_7351 nominal with elongated pad for handsoldering. (Body size source: http://www.tortai-tech.com/upload/download/2011102023233369053.pdf), generated with kicad-footprint-generator")
    (tags "capacitor handsolder")
    (path /5C0A96C5)
    (attr smd)
    (fp_text reference C1 (at 0 1.82) (layer B.SilkS)
      (effects (font (size 1 1) (thickness 0.15)) (justify mirror))
    )
    (fp_text value 20pF (at 0 -1.82) (layer B.Fab)
      (effects (font (size 1 1) (thickness 0.15)) (justify mirror))
    )
    (fp_text user %R (at 0 0) (layer B.Fab)
      (effects (font (size 0.8 0.8) (thickness 0.12)) (justify mirror))
    )
    (fp_line (start 2.45 -1.12) (end -2.45 -1.12) (layer B.CrtYd) (width 0.05))
    (fp_line (start 2.45 1.12) (end 2.45 -1.12) (layer B.CrtYd) (width 0.05))
    (fp_line (start -2.45 1.12) (end 2.45 1.12) (layer B.CrtYd) (width 0.05))
    (fp_line (start -2.45 -1.12) (end -2.45 1.12) (layer B.CrtYd) (width 0.05))
    (fp_line (start -0.602064 -0.91) (end 0.602064 -0.91) (layer B.SilkS) (width 0.12))
    (fp_line (start -0.602064 0.91) (end 0.602064 0.91) (layer B.SilkS) (width 0.12))
    (fp_line (start 1.6 -0.8) (end -1.6 -0.8) (layer B.Fab) (width 0.1))
    (fp_line (start 1.6 0.8) (end 1.6 -0.8) (layer B.Fab) (width 0.1))
    (fp_line (start -1.6 0.8) (end 1.6 0.8) (layer B.Fab) (width 0.1))
    (fp_line (start -1.6 -0.8) (end -1.6 0.8) (layer B.Fab) (width 0.1))
    (pad 2 smd roundrect (at 1.4875 0) (size 1.425 1.75) (layers B.Cu B.Paste B.Mask) (roundrect_rratio 0.175439)
      (net 17 /clk1))
    (pad 1 smd roundrect (at -1.4875 0) (size 1.425 1.75) (layers B.Cu B.Paste B.Mask) (roundrect_rratio 0.175439)
      (net 12 GND))
    (model ${KISYS3DMOD}/Capacitor_SMD.3dshapes/C_1206_3216Metric.wrl
      (at (xyz 0 0 0))
      (scale (xyz 1 1 1))
      (rotate (xyz 0 0 0))
    )
  )

  (module Connector_IDC:IDC-Header_2x03_P2.54mm_Vertical (layer B.Cu) (tedit 59DE0819) (tstamp 5C847DF9)
    (at 87.5 37.5 180)
    (descr "Through hole straight IDC box header, 2x03, 2.54mm pitch, double rows")
    (tags "Through hole IDC box header THT 2x03 2.54mm double row")
    (path /5C6F91D1)
    (fp_text reference J2 (at 1.27 6.604 180) (layer B.SilkS)
      (effects (font (size 1 1) (thickness 0.15)) (justify mirror))
    )
    (fp_text value AVR-ISP-6 (at 1.27 -11.684 180) (layer B.Fab)
      (effects (font (size 1 1) (thickness 0.15)) (justify mirror))
    )
    (fp_text user %R (at 1.27 -2.54 180) (layer B.Fab)
      (effects (font (size 1 1) (thickness 0.15)) (justify mirror))
    )
    (fp_line (start 5.695 5.1) (end 5.695 -10.18) (layer B.Fab) (width 0.1))
    (fp_line (start 5.145 4.56) (end 5.145 -9.62) (layer B.Fab) (width 0.1))
    (fp_line (start -3.155 5.1) (end -3.155 -10.18) (layer B.Fab) (width 0.1))
    (fp_line (start -2.605 4.56) (end -2.605 -0.29) (layer B.Fab) (width 0.1))
    (fp_line (start -2.605 -4.79) (end -2.605 -9.62) (layer B.Fab) (width 0.1))
    (fp_line (start -2.605 -0.29) (end -3.155 -0.29) (layer B.Fab) (width 0.1))
    (fp_line (start -2.605 -4.79) (end -3.155 -4.79) (layer B.Fab) (width 0.1))
    (fp_line (start 5.695 5.1) (end -3.155 5.1) (layer B.Fab) (width 0.1))
    (fp_line (start 5.145 4.56) (end -2.605 4.56) (layer B.Fab) (width 0.1))
    (fp_line (start 5.695 -10.18) (end -3.155 -10.18) (layer B.Fab) (width 0.1))
    (fp_line (start 5.145 -9.62) (end -2.605 -9.62) (layer B.Fab) (width 0.1))
    (fp_line (start 5.695 5.1) (end 5.145 4.56) (layer B.Fab) (width 0.1))
    (fp_line (start 5.695 -10.18) (end 5.145 -9.62) (layer B.Fab) (width 0.1))
    (fp_line (start -3.155 5.1) (end -2.605 4.56) (layer B.Fab) (width 0.1))
    (fp_line (start -3.155 -10.18) (end -2.605 -9.62) (layer B.Fab) (width 0.1))
    (fp_line (start 5.95 5.35) (end 5.95 -10.43) (layer B.CrtYd) (width 0.05))
    (fp_line (start 5.95 -10.43) (end -3.41 -10.43) (layer B.CrtYd) (width 0.05))
    (fp_line (start -3.41 -10.43) (end -3.41 5.35) (layer B.CrtYd) (width 0.05))
    (fp_line (start -3.41 5.35) (end 5.95 5.35) (layer B.CrtYd) (width 0.05))
    (fp_line (start 5.945 5.35) (end 5.945 -10.43) (layer B.SilkS) (width 0.12))
    (fp_line (start 5.945 -10.43) (end -3.405 -10.43) (layer B.SilkS) (width 0.12))
    (fp_line (start -3.405 -10.43) (end -3.405 5.35) (layer B.SilkS) (width 0.12))
    (fp_line (start -3.405 5.35) (end 5.945 5.35) (layer B.SilkS) (width 0.12))
    (fp_line (start -3.655 5.6) (end -3.655 3.06) (layer B.SilkS) (width 0.12))
    (fp_line (start -3.655 5.6) (end -1.115 5.6) (layer B.SilkS) (width 0.12))
    (pad 1 thru_hole rect (at 0 0 180) (size 1.7272 1.7272) (drill 1.016) (layers *.Cu *.Mask)
      (net 14 /MISO))
    (pad 2 thru_hole oval (at 2.54 0 180) (size 1.7272 1.7272) (drill 1.016) (layers *.Cu *.Mask)
      (net 9 VCC))
    (pad 3 thru_hole oval (at 0 -2.54 180) (size 1.7272 1.7272) (drill 1.016) (layers *.Cu *.Mask)
      (net 15 /SCK))
    (pad 4 thru_hole oval (at 2.54 -2.54 180) (size 1.7272 1.7272) (drill 1.016) (layers *.Cu *.Mask)
      (net 13 /MOSI))
    (pad 5 thru_hole oval (at 0 -5.08 180) (size 1.7272 1.7272) (drill 1.016) (layers *.Cu *.Mask)
      (net 10 /RPin))
    (pad 6 thru_hole oval (at 2.54 -5.08 180) (size 1.7272 1.7272) (drill 1.016) (layers *.Cu *.Mask)
      (net 12 GND))
    (model ${KISYS3DMOD}/Connector_IDC.3dshapes/IDC-Header_2x03_P2.54mm_Vertical.wrl
      (at (xyz 0 0 0))
      (scale (xyz 1 1 1))
      (rotate (xyz 0 0 0))
    )
  )

  (module Connector_PinHeader_1.27mm:PinHeader_1x05_P1.27mm_Vertical (layer B.Cu) (tedit 59FED6E3) (tstamp 5C847DD5)
    (at 92.5 32.5 270)
    (descr "Through hole straight pin header, 1x05, 1.27mm pitch, single row")
    (tags "Through hole pin header THT 1x05 1.27mm single row")
    (path /5C0CA658)
    (fp_text reference J1 (at 0 1.695 270) (layer B.SilkS)
      (effects (font (size 1 1) (thickness 0.15)) (justify mirror))
    )
    (fp_text value Conn_01x05_Male (at 0 -6.775 270) (layer B.Fab)
      (effects (font (size 1 1) (thickness 0.15)) (justify mirror))
    )
    (fp_line (start -0.525 0.635) (end 1.05 0.635) (layer B.Fab) (width 0.1))
    (fp_line (start 1.05 0.635) (end 1.05 -5.715) (layer B.Fab) (width 0.1))
    (fp_line (start 1.05 -5.715) (end -1.05 -5.715) (layer B.Fab) (width 0.1))
    (fp_line (start -1.05 -5.715) (end -1.05 0.11) (layer B.Fab) (width 0.1))
    (fp_line (start -1.05 0.11) (end -0.525 0.635) (layer B.Fab) (width 0.1))
    (fp_line (start -1.11 -5.775) (end -0.30753 -5.775) (layer B.SilkS) (width 0.12))
    (fp_line (start 0.30753 -5.775) (end 1.11 -5.775) (layer B.SilkS) (width 0.12))
    (fp_line (start -1.11 -0.76) (end -1.11 -5.775) (layer B.SilkS) (width 0.12))
    (fp_line (start 1.11 -0.76) (end 1.11 -5.775) (layer B.SilkS) (width 0.12))
    (fp_line (start -1.11 -0.76) (end -0.563471 -0.76) (layer B.SilkS) (width 0.12))
    (fp_line (start 0.563471 -0.76) (end 1.11 -0.76) (layer B.SilkS) (width 0.12))
    (fp_line (start -1.11 0) (end -1.11 0.76) (layer B.SilkS) (width 0.12))
    (fp_line (start -1.11 0.76) (end 0 0.76) (layer B.SilkS) (width 0.12))
    (fp_line (start -1.55 1.15) (end -1.55 -6.25) (layer B.CrtYd) (width 0.05))
    (fp_line (start -1.55 -6.25) (end 1.55 -6.25) (layer B.CrtYd) (width 0.05))
    (fp_line (start 1.55 -6.25) (end 1.55 1.15) (layer B.CrtYd) (width 0.05))
    (fp_line (start 1.55 1.15) (end -1.55 1.15) (layer B.CrtYd) (width 0.05))
    (fp_text user %R (at 0 -2.54 180) (layer B.Fab)
      (effects (font (size 1 1) (thickness 0.15)) (justify mirror))
    )
    (pad 1 thru_hole rect (at 0 0 270) (size 1 1) (drill 0.65) (layers *.Cu *.Mask)
      (net 9 VCC))
    (pad 2 thru_hole oval (at 0 -1.27 270) (size 1 1) (drill 0.65) (layers *.Cu *.Mask)
      (net 11 "Net-(J1-Pad2)"))
    (pad 3 thru_hole oval (at 0 -2.54 270) (size 1 1) (drill 0.65) (layers *.Cu *.Mask)
      (net 21 /SDA))
    (pad 4 thru_hole oval (at 0 -3.81 270) (size 1 1) (drill 0.65) (layers *.Cu *.Mask)
      (net 23 /SCL))
    (pad 5 thru_hole oval (at 0 -5.08 270) (size 1 1) (drill 0.65) (layers *.Cu *.Mask)
      (net 12 GND))
    (model ${KISYS3DMOD}/Connector_PinHeader_1.27mm.3dshapes/PinHeader_1x05_P1.27mm_Vertical.wrl
      (at (xyz 0 0 0))
      (scale (xyz 1 1 1))
      (rotate (xyz 0 0 0))
    )
  )

  (module Crystal:Crystal_SMD_Abracon_ABM3-2Pin_5.0x3.2mm_HandSoldering (layer B.Cu) (tedit 5A0FD1B2) (tstamp 5C847DBA)
    (at 122.75 50 270)
    (descr "Abracon Miniature Ceramic Smd Crystal ABM3 http://www.abracon.com/Resonators/abm3.pdf, hand-soldering, 5.0x3.2mm^2 package")
    (tags "SMD SMT crystal hand-soldering")
    (path /5C0A90F4)
    (attr smd)
    (fp_text reference Y1 (at 0 2.8 270) (layer B.SilkS)
      (effects (font (size 1 1) (thickness 0.15)) (justify mirror))
    )
    (fp_text value 16MHz (at 0 -2.8 270) (layer B.Fab)
      (effects (font (size 1 1) (thickness 0.15)) (justify mirror))
    )
    (fp_text user %R (at 0 0 270) (layer B.Fab)
      (effects (font (size 1 1) (thickness 0.15)) (justify mirror))
    )
    (fp_line (start -2.3 1.6) (end 2.3 1.6) (layer B.Fab) (width 0.1))
    (fp_line (start 2.3 1.6) (end 2.5 1.4) (layer B.Fab) (width 0.1))
    (fp_line (start 2.5 1.4) (end 2.5 -1.4) (layer B.Fab) (width 0.1))
    (fp_line (start 2.5 -1.4) (end 2.3 -1.6) (layer B.Fab) (width 0.1))
    (fp_line (start 2.3 -1.6) (end -2.3 -1.6) (layer B.Fab) (width 0.1))
    (fp_line (start -2.3 -1.6) (end -2.5 -1.4) (layer B.Fab) (width 0.1))
    (fp_line (start -2.5 -1.4) (end -2.5 1.4) (layer B.Fab) (width 0.1))
    (fp_line (start -2.5 1.4) (end -2.3 1.6) (layer B.Fab) (width 0.1))
    (fp_line (start -2.5 -0.6) (end -1.5 -1.6) (layer B.Fab) (width 0.1))
    (fp_line (start 2.7 1.8) (end -4.625 1.8) (layer B.SilkS) (width 0.12))
    (fp_line (start -4.625 1.8) (end -4.625 -1.8) (layer B.SilkS) (width 0.12))
    (fp_line (start -4.625 -1.8) (end 2.7 -1.8) (layer B.SilkS) (width 0.12))
    (fp_line (start -4.7 1.9) (end -4.7 -1.9) (layer B.CrtYd) (width 0.05))
    (fp_line (start -4.7 -1.9) (end 4.7 -1.9) (layer B.CrtYd) (width 0.05))
    (fp_line (start 4.7 -1.9) (end 4.7 1.9) (layer B.CrtYd) (width 0.05))
    (fp_line (start 4.7 1.9) (end -4.7 1.9) (layer B.CrtYd) (width 0.05))
    (fp_circle (center 0 0) (end 0.5 0) (layer B.Adhes) (width 0.1))
    (fp_circle (center 0 0) (end 0.416667 0) (layer B.Adhes) (width 0.166667))
    (fp_circle (center 0 0) (end 0.266667 0) (layer B.Adhes) (width 0.166667))
    (fp_circle (center 0 0) (end 0.116667 0) (layer B.Adhes) (width 0.233333))
    (pad 1 smd rect (at -2.7625 0 270) (size 3.325 2.4) (layers B.Cu B.Paste B.Mask)
      (net 17 /clk1))
    (pad 2 smd rect (at 2.7625 0 270) (size 3.325 2.4) (layers B.Cu B.Paste B.Mask)
      (net 19 /clk2))
    (model ${KISYS3DMOD}/Crystal.3dshapes/Crystal_SMD_Abracon_ABM3-2Pin_5.0x3.2mm_HandSoldering.wrl
      (at (xyz 0 0 0))
      (scale (xyz 1 1 1))
      (rotate (xyz 0 0 0))
    )
  )

  (module Package_QFP:TQFP-32_7x7mm_P0.8mm (layer B.Cu) (tedit 5A02F146) (tstamp 5C847D9F)
    (at 109 57 270)
    (descr "32-Lead Plastic Thin Quad Flatpack (PT) - 7x7x1.0 mm Body, 2.00 mm [TQFP] (see Microchip Packaging Specification 00000049BS.pdf)")
    (tags "QFP 0.8")
    (path /5C780DB7)
    (attr smd)
    (fp_text reference U1 (at 0 6.05 270) (layer B.SilkS)
      (effects (font (size 1 1) (thickness 0.15)) (justify mirror))
    )
    (fp_text value ATmega168-20AU (at 0 -6.05 270) (layer B.Fab)
      (effects (font (size 1 1) (thickness 0.15)) (justify mirror))
    )
    (fp_text user %R (at 0 0 270) (layer B.Fab)
      (effects (font (size 1 1) (thickness 0.15)) (justify mirror))
    )
    (fp_line (start -2.5 3.5) (end 3.5 3.5) (layer B.Fab) (width 0.15))
    (fp_line (start 3.5 3.5) (end 3.5 -3.5) (layer B.Fab) (width 0.15))
    (fp_line (start 3.5 -3.5) (end -3.5 -3.5) (layer B.Fab) (width 0.15))
    (fp_line (start -3.5 -3.5) (end -3.5 2.5) (layer B.Fab) (width 0.15))
    (fp_line (start -3.5 2.5) (end -2.5 3.5) (layer B.Fab) (width 0.15))
    (fp_line (start -5.3 5.3) (end -5.3 -5.3) (layer B.CrtYd) (width 0.05))
    (fp_line (start 5.3 5.3) (end 5.3 -5.3) (layer B.CrtYd) (width 0.05))
    (fp_line (start -5.3 5.3) (end 5.3 5.3) (layer B.CrtYd) (width 0.05))
    (fp_line (start -5.3 -5.3) (end 5.3 -5.3) (layer B.CrtYd) (width 0.05))
    (fp_line (start -3.625 3.625) (end -3.625 3.4) (layer B.SilkS) (width 0.15))
    (fp_line (start 3.625 3.625) (end 3.625 3.3) (layer B.SilkS) (width 0.15))
    (fp_line (start 3.625 -3.625) (end 3.625 -3.3) (layer B.SilkS) (width 0.15))
    (fp_line (start -3.625 -3.625) (end -3.625 -3.3) (layer B.SilkS) (width 0.15))
    (fp_line (start -3.625 3.625) (end -3.3 3.625) (layer B.SilkS) (width 0.15))
    (fp_line (start -3.625 -3.625) (end -3.3 -3.625) (layer B.SilkS) (width 0.15))
    (fp_line (start 3.625 -3.625) (end 3.3 -3.625) (layer B.SilkS) (width 0.15))
    (fp_line (start 3.625 3.625) (end 3.3 3.625) (layer B.SilkS) (width 0.15))
    (fp_line (start -3.625 3.4) (end -5.05 3.4) (layer B.SilkS) (width 0.15))
    (pad 1 smd rect (at -4.25 2.8 270) (size 1.6 0.55) (layers B.Cu B.Paste B.Mask)
      (net 2 "Net-(C7-Pad1)"))
    (pad 2 smd rect (at -4.25 2 270) (size 1.6 0.55) (layers B.Cu B.Paste B.Mask)
      (net 6 "Net-(R4-Pad1)"))
    (pad 3 smd rect (at -4.25 1.2 270) (size 1.6 0.55) (layers B.Cu B.Paste B.Mask)
      (net 12 GND))
    (pad 4 smd rect (at -4.25 0.4 270) (size 1.6 0.55) (layers B.Cu B.Paste B.Mask)
      (net 9 VCC))
    (pad 5 smd rect (at -4.25 -0.4 270) (size 1.6 0.55) (layers B.Cu B.Paste B.Mask)
      (net 12 GND))
    (pad 6 smd rect (at -4.25 -1.2 270) (size 1.6 0.55) (layers B.Cu B.Paste B.Mask)
      (net 9 VCC))
    (pad 7 smd rect (at -4.25 -2 270) (size 1.6 0.55) (layers B.Cu B.Paste B.Mask)
      (net 17 /clk1))
    (pad 8 smd rect (at -4.25 -2.8 270) (size 1.6 0.55) (layers B.Cu B.Paste B.Mask)
      (net 19 /clk2))
    (pad 9 smd rect (at -2.8 -4.25 180) (size 1.6 0.55) (layers B.Cu B.Paste B.Mask)
      (net 3 "Net-(C10-Pad1)"))
    (pad 10 smd rect (at -2 -4.25 180) (size 1.6 0.55) (layers B.Cu B.Paste B.Mask)
      (net 5 "Net-(R5-Pad1)"))
    (pad 11 smd rect (at -1.2 -4.25 180) (size 1.6 0.55) (layers B.Cu B.Paste B.Mask)
      (net 24 "Net-(C12-Pad1)"))
    (pad 12 smd rect (at -0.4 -4.25 180) (size 1.6 0.55) (layers B.Cu B.Paste B.Mask)
      (net 25 "Net-(R6-Pad1)"))
    (pad 13 smd rect (at 0.4 -4.25 180) (size 1.6 0.55) (layers B.Cu B.Paste B.Mask)
      (net 30 "Net-(U1-Pad13)"))
    (pad 14 smd rect (at 1.2 -4.25 180) (size 1.6 0.55) (layers B.Cu B.Paste B.Mask)
      (net 22 "Net-(U1-Pad14)"))
    (pad 15 smd rect (at 2 -4.25 180) (size 1.6 0.55) (layers B.Cu B.Paste B.Mask)
      (net 13 /MOSI))
    (pad 16 smd rect (at 2.8 -4.25 180) (size 1.6 0.55) (layers B.Cu B.Paste B.Mask)
      (net 14 /MISO))
    (pad 17 smd rect (at 4.25 -2.8 270) (size 1.6 0.55) (layers B.Cu B.Paste B.Mask)
      (net 15 /SCK))
    (pad 18 smd rect (at 4.25 -2 270) (size 1.6 0.55) (layers B.Cu B.Paste B.Mask)
      (net 26 "Net-(U1-Pad18)"))
    (pad 19 smd rect (at 4.25 -1.2 270) (size 1.6 0.55) (layers B.Cu B.Paste B.Mask)
      (net 27 "Net-(U1-Pad19)"))
    (pad 20 smd rect (at 4.25 -0.4 270) (size 1.6 0.55) (layers B.Cu B.Paste B.Mask)
      (net 16 "Net-(U1-Pad20)"))
    (pad 21 smd rect (at 4.25 0.4 270) (size 1.6 0.55) (layers B.Cu B.Paste B.Mask)
      (net 12 GND))
    (pad 22 smd rect (at 4.25 1.2 270) (size 1.6 0.55) (layers B.Cu B.Paste B.Mask)
      (net 28 "Net-(U1-Pad22)"))
    (pad 23 smd rect (at 4.25 2 270) (size 1.6 0.55) (layers B.Cu B.Paste B.Mask)
      (net 18 "Net-(U1-Pad23)"))
    (pad 24 smd rect (at 4.25 2.8 270) (size 1.6 0.55) (layers B.Cu B.Paste B.Mask)
      (net 20 "Net-(U1-Pad24)"))
    (pad 25 smd rect (at 2.8 4.25 180) (size 1.6 0.55) (layers B.Cu B.Paste B.Mask)
      (net 7 "Net-(R3-Pad1)"))
    (pad 26 smd rect (at 2 4.25 180) (size 1.6 0.55) (layers B.Cu B.Paste B.Mask)
      (net 1 "Net-(C5-Pad1)"))
    (pad 27 smd rect (at 1.2 4.25 180) (size 1.6 0.55) (layers B.Cu B.Paste B.Mask)
      (net 21 /SDA))
    (pad 28 smd rect (at 0.4 4.25 180) (size 1.6 0.55) (layers B.Cu B.Paste B.Mask)
      (net 23 /SCL))
    (pad 29 smd rect (at -0.4 4.25 180) (size 1.6 0.55) (layers B.Cu B.Paste B.Mask)
      (net 10 /RPin))
    (pad 30 smd rect (at -1.2 4.25 180) (size 1.6 0.55) (layers B.Cu B.Paste B.Mask)
      (net 4 "Net-(C3-Pad1)"))
    (pad 31 smd rect (at -2 4.25 180) (size 1.6 0.55) (layers B.Cu B.Paste B.Mask)
      (net 8 "Net-(R2-Pad1)"))
    (pad 32 smd rect (at -2.8 4.25 180) (size 1.6 0.55) (layers B.Cu B.Paste B.Mask)
      (net 29 "Net-(U1-Pad32)"))
    (model ${KISYS3DMOD}/Package_QFP.3dshapes/TQFP-32_7x7mm_P0.8mm.wrl
      (at (xyz 0 0 0))
      (scale (xyz 1 1 1))
      (rotate (xyz 0 0 0))
    )
  )

  (module Package_TO_SOT_THT:TO-92L_Inline (layer B.Cu) (tedit 5A279A44) (tstamp 5C847D68)
    (at 92.5 37.5)
    (descr "TO-92L leads in-line (large body variant of TO-92), also known as TO-226, wide, drill 0.75mm (see https://www.diodes.com/assets/Package-Files/TO92L.pdf and http://www.ti.com/lit/an/snoa059/snoa059.pdf)")
    (tags "TO-92L Inline Wide transistor")
    (path /5C70C979)
    (fp_text reference Q1 (at 1.19 3.56) (layer B.SilkS)
      (effects (font (size 1 1) (thickness 0.15)) (justify mirror))
    )
    (fp_text value BS170 (at 1.19 -2.79) (layer B.Fab)
      (effects (font (size 1 1) (thickness 0.15)) (justify mirror))
    )
    (fp_text user %R (at 1.19 3.56) (layer B.Fab)
      (effects (font (size 1 1) (thickness 0.15)) (justify mirror))
    )
    (fp_line (start -0.75 -1.7) (end 3.1 -1.7) (layer B.SilkS) (width 0.12))
    (fp_line (start -0.7 -1.6) (end 3.05 -1.6) (layer B.Fab) (width 0.1))
    (fp_line (start -1.55 2.75) (end 3.95 2.75) (layer B.CrtYd) (width 0.05))
    (fp_line (start -1.55 2.75) (end -1.55 -1.85) (layer B.CrtYd) (width 0.05))
    (fp_line (start 3.95 -1.85) (end 3.95 2.75) (layer B.CrtYd) (width 0.05))
    (fp_line (start 3.95 -1.85) (end -1.55 -1.85) (layer B.CrtYd) (width 0.05))
    (fp_arc (start 1.19 0) (end -0.75 -1.7) (angle -262.164354) (layer B.SilkS) (width 0.12))
    (fp_arc (start 1.19 0) (end 1.19 2.48) (angle -129.9527847) (layer B.Fab) (width 0.1))
    (fp_arc (start 1.19 0) (end 1.19 2.48) (angle 130.2499344) (layer B.Fab) (width 0.1))
    (pad 2 thru_hole roundrect (at 1.27 0) (size 1.05 1.5) (drill 0.75) (layers *.Cu *.Mask) (roundrect_rratio 0.25)
      (net 11 "Net-(J1-Pad2)"))
    (pad 3 thru_hole roundrect (at 2.54 0) (size 1.05 1.5) (drill 0.75) (layers *.Cu *.Mask) (roundrect_rratio 0.25)
      (net 12 GND))
    (pad 1 thru_hole rect (at 0 0) (size 1.05 1.5) (drill 0.75) (layers *.Cu *.Mask)
      (net 10 /RPin))
    (model ${KISYS3DMOD}/Package_TO_SOT_THT.3dshapes/TO-92L_Inline.wrl
      (at (xyz 0 0 0))
      (scale (xyz 1 1 1))
      (rotate (xyz 0 0 0))
    )
  )

  (module Resistor_SMD:R_1206_3216Metric_Pad1.42x1.75mm_HandSolder (layer B.Cu) (tedit 5B301BBD) (tstamp 5C847D46)
    (at 119.713098 71.22744)
    (descr "Resistor SMD 1206 (3216 Metric), square (rectangular) end terminal, IPC_7351 nominal with elongated pad for handsoldering. (Body size source: http://www.tortai-tech.com/upload/download/2011102023233369053.pdf), generated with kicad-footprint-generator")
    (tags "resistor handsolder")
    (path /5C79139E)
    (attr smd)
    (fp_text reference R6 (at 0 1.82) (layer B.SilkS)
      (effects (font (size 1 1) (thickness 0.15)) (justify mirror))
    )
    (fp_text value 1M (at 0 -1.82) (layer B.Fab)
      (effects (font (size 1 1) (thickness 0.15)) (justify mirror))
    )
    (fp_text user %R (at 0 0) (layer B.Fab)
      (effects (font (size 0.8 0.8) (thickness 0.12)) (justify mirror))
    )
    (fp_line (start 2.45 -1.12) (end -2.45 -1.12) (layer B.CrtYd) (width 0.05))
    (fp_line (start 2.45 1.12) (end 2.45 -1.12) (layer B.CrtYd) (width 0.05))
    (fp_line (start -2.45 1.12) (end 2.45 1.12) (layer B.CrtYd) (width 0.05))
    (fp_line (start -2.45 -1.12) (end -2.45 1.12) (layer B.CrtYd) (width 0.05))
    (fp_line (start -0.602064 -0.91) (end 0.602064 -0.91) (layer B.SilkS) (width 0.12))
    (fp_line (start -0.602064 0.91) (end 0.602064 0.91) (layer B.SilkS) (width 0.12))
    (fp_line (start 1.6 -0.8) (end -1.6 -0.8) (layer B.Fab) (width 0.1))
    (fp_line (start 1.6 0.8) (end 1.6 -0.8) (layer B.Fab) (width 0.1))
    (fp_line (start -1.6 0.8) (end 1.6 0.8) (layer B.Fab) (width 0.1))
    (fp_line (start -1.6 -0.8) (end -1.6 0.8) (layer B.Fab) (width 0.1))
    (pad 2 smd roundrect (at 1.4875 0) (size 1.425 1.75) (layers B.Cu B.Paste B.Mask) (roundrect_rratio 0.175439)
      (net 24 "Net-(C12-Pad1)"))
    (pad 1 smd roundrect (at -1.4875 0) (size 1.425 1.75) (layers B.Cu B.Paste B.Mask) (roundrect_rratio 0.175439)
      (net 25 "Net-(R6-Pad1)"))
    (model ${KISYS3DMOD}/Resistor_SMD.3dshapes/R_1206_3216Metric.wrl
      (at (xyz 0 0 0))
      (scale (xyz 1 1 1))
      (rotate (xyz 0 0 0))
    )
  )

  (module Resistor_SMD:R_1206_3216Metric_Pad1.42x1.75mm_HandSolder (layer B.Cu) (tedit 5B301BBD) (tstamp 5C847D35)
    (at 144 83)
